#material: 6.0 0.005 1.0 0.0 concrete
#material: 20.0 0.1 1.0 0.0 wet_sand
---------------------------------------------------------------------
#domain: 2.5 0.2 0.0025
#dx_dy_dz: 0.0025 0.0025 0.0025
#time_window: 12e-9
---------------------------------------------------------------------
#box: 0.0 0.0 0 2.5 0.15 0.0025 wet_sand
#cylinder: 0.15 0.1 0 0.15 0.1 0.0025 0.0125 pec
#cylinder: 0.35 0.075 0 0.35 0.075 0.0025 0.0125 pec
#cylinder: 0.55 0.07 0 0.55 0.07 0.0025 0.0125 pec
#cylinder: 0.75 0.05 0 0.75 0.05 0.0025 0.0125 pec
#cylinder: 0.95 0.1 0 0.95 0.1 0.0025 0.0375 free_space
#cylinder: 1.15 0.075 0 1.15 0.075 0.0025 0.0375 free_space
#cylinder: 1.35 0.07 0 1.35 0.07 0.0025 0.0375 free_space
#cylinder: 1.55 0.05 0 1.55 0.05 0.0025 0.0375 free_space
#cylinder: 1.75 0.1 0 1.75 0.1 0.0025 0.005 pec
#cylinder: 1.95 0.075 0 1.95 0.075 0.0025 0.005 pec
#cylinder: 2.15 0.07 0 2.15 0.07 0.0025 0.005 pec
#cylinder: 2.35 0.05 0 2.35 0.05 0.0025 0.005 pec
-------------------------------------------------------------
-------------------------------------------------------------
#rx: 0.1125 0.1525 0
#src_steps: 0.02 0.0 0
#rx_steps: 0.02 0.0 0
------------------------------------------------------------
#geometry_view: 0 0 0 2.5 0.2 0.0025 0.0025 0.0025 0.0025 bre4 n
#title: BRE Model 4
#messages: y



#waveform: gaussiandotnorm 1.0 900e6 MyLineSource
#hertzian_dipole: z 0.0875 0.1525 0 MyLineSource
